[[[143 252 161]
  [152 251 171]
  [160 253 164]
  [154 239 139]
  [156 230 112]
  [204 259  66]
  [201 257  93]
  [211 157 104]]

 [[120 243 159]
  [137 235 176]
  [155 225 157]
  [150 224 128]
  [140 215 110]
  [153 228  83]
  [145 216 104]
  [211 160 105]]

 [[ 86 271 182]
  [ 60 213 131]
  [268 179  75]
  [180 244  68]
  [132 204 105]
  [ 96 177 157]
  [210 142  67]
  [165 218  57]]

 [[ 38 233 138]
  [ 57 217 125]
  [183 191  10]
  [152 175  45]
  [143 178  85]
  [ 84 169 159]
  [182 130  54]
  [202 148  38]]

 [[ 73 164 147]
  [ 85 196 168]
  [177 185  19]
  [128 156  36]
  [ 97 121  44]
  [141 131  60]
  [141 118  47]
  [162 164  95]]

 [[ 72 162 137]
  [125 172  51]
  [162 170  10]
  [124 142  35]
  [112 120  33]
  [135 110  27]
  [137 121  51]
  [118 123  53]]

 [[ 46 148 125]
  [118 158  43]
  [152 159  10]
  [110 143  47]
  [136 110  14]
  [123 107  24]
  [123 104  21]
  [ 96 106  36]]

 [[ 40 133 123]
  [106 148  45]
  [141 147  10]
  [105 136  47]
  [128 106  17]
  [120 104  25]
  [107 124  25]
  [ 98 119  32]]]
