[[[193 252 211]
  [202 251 221]
  [210 253 214]
  [204 239 189]
  [206 230 162]
  [204 209 116]
  [201 207 143]
  [211 207 154]]

 [[170 243 209]
  [187 235 226]
  [205 225 207]
  [200 224 178]
  [190 215 160]
  [153 178 133]
  [195 216 154]
  [211 210 155]]

 [[136 221 182]
  [110 163 131]
  [218 179 125]
  [180 194 118]
  [182 204 155]
  [ 96 127 107]
  [160 142 117]
  [165 168 107]]

 [[ 88 183 138]
  [107 167 125]
  [133 141  10]
  [102 125  45]
  [ 93 128  85]
  [ 84 119 109]
  [132  80  54]
  [152 148  88]]

 [[ 73 114  97]
  [ 85 146 118]
  [127 135  19]
  [ 78 106  36]
  [ 47  71  44]
  [ 91  81  60]
  [ 91  68  47]
  [112 114  95]]

 [[ 72 112  87]
  [ 75 122  51]
  [112 120  10]
  [ 74  92  35]
  [ 62  70  33]
  [ 85  60  27]
  [ 87  71  51]
  [ 68  73  53]]

 [[ 46  98  75]
  [ 68 108  43]
  [102 109  10]
  [ 60  93  47]
  [ 86  60  14]
  [ 73  57  24]
  [ 73  54  21]
  [ 46  56  36]]

 [[ 40  83  73]
  [ 56  98  45]
  [ 91  97  10]
  [ 55  86  47]
  [ 78  56  17]
  [ 70  54  25]
  [ 57  74  25]
  [ 48  69  32]]]
